num_extlinks	num_pages
2	595809
1	523800
3	505270
4	458650
5	342766
6	303602
7	283755
8	249751
9	218155
10	189931
11	164760
12	143424
13	124135
14	108354
15	94741
16	83020
17	72515
18	63799
19	55581
20	49271
21	43384
22	38581
23	34286
24	30315
25	27338
26	24626
27	22555
28	20538
29	18604
30	17273
31	15834
32	14728
33	13545
34	12536
35	11587
36	10986
37	10106
38	9599
39	9003
40	8436
41	8016
42	7391
43	6994
44	6671
45	6182
46	5825
47	5507
48	5350
49	5024
50	4703
52	4599
51	4543
53	4347
54	4182
55	3793
56	3663
57	3512
59	3335
58	3182
60	3108
62	2847
61	2757
63	2718
64	2570
65	2530
66	2484
67	2426
68	2321
70	2162
69	2158
71	2055
72	2019
73	1900
75	1892
74	1848
76	1822
77	1704
78	1682
79	1578
81	1523
80	1512
84	1446
82	1440
83	1418
86	1394
85	1349
88	1287
87	1257
89	1228
90	1215
92	1129
93	1125
91	1111
94	1091
96	1043
95	1024
98	1000
97	985
99	976
100	961
101	917
103	896
102	895
105	854
107	852
104	815
106	804
108	789
110	777
111	742
109	737
113	691
112	672
114	653
115	622
116	614
118	597
120	580
117	565
121	559
119	542
123	522
124	521
2001	521
122	518
125	517
128	498
127	494
130	480
132	472
126	466
131	449
134	435
129	434
133	432
135	405
136	398
138	398
144	393
137	389
141	383
140	371
147	343
143	342
139	339
148	332
149	332
142	328
153	328
151	326
152	322
145	318
146	306
150	297
154	290
155	280
159	279
157	261
165	257
160	256
161	253
156	248
162	247
163	238
164	237
158	236
170	227
174	225
168	225
172	221
166	221
167	221
169	221
171	220
177	218
173	214
176	211
183	198
180	195
175	186
198	182
179	181
181	180
182	176
178	173
195	173
193	169
186	168
184	166
185	163
196	162
194	159
189	158
187	156
197	152
205	150
192	149
188	149
191	148
190	147
202	142
200	140
210	137
208	137
204	136
213	130
199	129
203	125
209	124
206	122
211	119
201	118
212	117
231	116
207	111
218	110
225	109
215	107
214	106
232	106
219	105
230	101
226	101
239	97
216	97
217	95
228	95
255	94
221	94
229	93
224	91
233	91
222	91
227	90
223	90
220	88
240	88
242	86
235	84
234	83
237	83
241	83
245	83
248	81
236	80
258	79
257	79
254	79
249	79
243	79
247	77
244	77
251	76
252	74
262	73
273	72
238	72
246	71
263	68
271	68
459	66
256	65
253	65
279	63
266	63
250	62
290	62
282	61
260	60
269	58
267	57
264	57
272	57
277	56
286	53
275	52
270	52
274	51
268	51
259	50
301	50
293	50
298	49
278	49
294	48
287	48
265	48
261	48
297	47
285	47
280	47
291	47
292	47
313	47
283	46
328	45
289	44
288	44
308	44
281	44
300	44
295	43
303	42
311	42
284	42
299	41
296	40
344	40
316	39
276	37
326	37
315	37
333	37
321	37
318	36
324	36
336	36
325	36
317	36
312	36
310	35
304	35
360	35
302	35
359	35
323	35
306	34
319	34
364	34
335	33
343	33
356	33
309	33
314	32
330	32
331	31
337	31
373	31
353	31
307	31
334	30
350	29
320	29
385	29
305	29
369	28
327	27
351	27
357	27
342	27
368	26
352	26
340	26
347	26
348	26
367	26
395	26
354	25
366	25
341	25
345	24
339	24
346	24
363	24
371	24
329	23
332	23
349	23
338	23
322	23
392	22
389	22
382	22
386	22
355	22
378	21
406	21
361	21
381	21
372	21
377	20
390	20
402	20
376	20
380	20
403	19
365	18
375	18
419	18
370	18
405	18
358	18
379	17
478	17
441	17
401	17
428	17
393	17
409	17
432	17
415	16
449	16
448	16
429	16
424	16
438	16
411	16
396	15
408	15
461	15
469	15
425	15
391	15
384	15
397	15
431	15
483	14
443	14
426	14
413	14
486	14
420	14
410	14
422	14
482	14
442	14
400	14
407	14
388	14
466	13
465	13
399	13
398	13
383	13
414	13
423	13
417	13
435	13
434	13
455	12
490	12
418	12
427	12
458	12
452	12
374	12
470	12
416	12
394	12
447	11
387	11
487	11
437	11
522	11
467	11
520	11
594	11
439	11
412	11
453	11
436	11
404	11
471	11
462	11
492	11
474	10
498	10
495	10
515	10
463	10
485	9
499	9
583	9
362	9
476	9
535	9
430	9
451	9
489	9
529	9
647	9
456	9
481	9
508	9
533	9
450	9
457	9
509	9
501	9
570	9
567	9
484	9
460	8
542	8
546	8
494	8
513	8
433	8
531	8
693	8
440	8
527	8
576	8
557	8
666	8
468	8
608	8
652	8
475	8
488	8
530	8
472	8
628	8
421	8
563	8
444	8
517	8
514	8
496	8
579	8
577	8
454	8
473	7
500	7
512	7
549	7
528	7
673	7
545	7
497	7
537	7
543	7
547	7
526	7
573	7
506	7
551	7
493	7
502	7
541	7
505	7
585	7
562	6
599	6
480	6
510	6
504	6
507	6
503	6
479	6
516	6
464	6
477	6
606	6
491	6
518	6
532	6
737	6
558	6
604	6
565	6
560	6
584	6
591	6
521	6
592	6
711	6
618	5
555	5
695	5
620	5
746	5
607	5
589	5
519	5
696	5
726	5
659	5
678	5
511	5
609	5
536	5
523	5
621	5
446	5
445	5
641	5
596	5
553	5
595	5
734	5
540	5
648	5
544	5
651	5
525	5
631	5
574	5
601	4
548	4
561	4
874	4
612	4
650	4
622	4
619	4
775	4
967	4
771	4
582	4
569	4
670	4
654	4
610	4
568	4
637	4
702	4
586	4
808	4
676	4
590	4
882	4
686	4
805	4
811	4
749	4
598	4
658	4
613	4
669	4
614	4
762	4
685	4
644	4
681	4
603	4
662	4
588	4
839	4
571	4
572	4
587	4
524	4
539	4
756	4
566	4
687	3
863	3
715	3
643	3
747	3
663	3
642	3
912	3
848	3
634	3
559	3
605	3
742	3
824	3
639	3
617	3
730	3
718	3
717	3
705	3
719	3
751	3
688	3
675	3
910	3
988	3
657	3
633	3
840	3
861	3
731	3
774	3
850	3
602	3
738	3
534	3
765	3
550	3
581	3
694	3
704	3
554	3
538	3
671	3
788	3
593	3
616	3
692	3
764	3
672	3
627	3
636	3
665	3
682	3
624	3
615	3
556	3
700	3
709	3
552	3
895	3
846	3
635	3
674	3
706	3
626	3
922	3
578	2
807	2
660	2
783	2
778	2
784	2
713	2
1137	2
632	2
845	2
767	2
1015	2
825	2
769	2
903	2
830	2
580	2
859	2
724	2
760	2
1101	2
908	2
940	2
698	2
821	2
1005	2
826	2
701	2
740	2
1090	2
933	2
733	2
790	2
793	2
828	2
575	2
843	2
680	2
916	2
949	2
1634	2
1156	2
853	2
1377	2
899	2
1092	2
1010	2
785	2
770	2
879	2
758	2
901	2
683	2
809	2
870	2
810	2
816	2
1007	2
883	2
902	2
564	2
2002	2
720	2
867	2
646	2
941	2
1332	2
653	2
1053	2
880	2
755	2
786	2
1019	2
708	2
750	2
725	2
1356	2
1192	2
989	2
677	2
697	2
645	2
934	2
623	2
743	2
684	2
813	2
792	2
752	2
958	2
852	2
3228	2
753	2
878	2
629	2
655	2
782	2
727	2
917	2
728	2
723	2
800	2
656	2
732	2
952	2
789	2
1422	2
851	2
1117	2
968	2
1288	1
1086	1
1914	1
2052	1
1881	1
881	1
975	1
856	1
905	1
946	1
625	1
1133	1
849	1
1339	1
772	1
871	1
815	1
597	1
969	1
1498	1
836	1
1127	1
1219	1
3108	1
944	1
2274	1
820	1
759	1
1176	1
1191	1
1674	1
1868	1
1759	1
1826	1
954	1
1256	1
1025	1
1492	1
1122	1
1793	1
1012	1
1085	1
690	1
1009	1
1351	1
780	1
999	1
1171	1
1187	1
926	1
935	1
1274	1
1120	1
1244	1
1395	1
1322	1
984	1
1878	1
1152	1
689	1
1091	1
892	1
1291	1
1783	1
1984	1
640	1
1000	1
891	1
1046	1
966	1
814	1
722	1
1111	1
1286	1
955	1
798	1
847	1
911	1
818	1
1006	1
1037	1
777	1
679	1
1647	1
1402	1
2956	1
948	1
1616	1
1189	1
600	1
712	1
1863	1
1026	1
888	1
729	1
970	1
972	1
1203	1
630	1
1125	1
754	1
638	1
744	1
799	1
2086	1
3200	1
1208	1
1387	1
963	1
1068	1
1772	1
869	1
1834	1
1042	1
855	1
1155	1
965	1
817	1
841	1
668	1
664	1
864	1
1423	1
900	1
1002	1
1049	1
2315	1
3128	1
3058	1
3281	1
1279	1
1084	1
2035	1
1185	1
1036	1
981	1
923	1
2220	1
1190	1
1574	1
797	1
736	1
1047	1
699	1
1352	1
1154	1
2480	1
875	1
1158	1
707	1
886	1
2412	1
1157	1
1055	1
956	1
667	1
1842	1
661	1
1347	1
898	1
1464	1
1662	1
1124	1
1517	1
739	1
1985	1
1518	1
1013	1
1515	1
1599	1
925	1
768	1
1054	1
858	1
1327	1
919	1
1102	1
924	1
915	1
1178	1
884	1
716	1
803	1
1069	1
1511	1
1004	1
779	1
2950	1
3250	1
1649	1
837	1
1072	1
1333	1
649	1
1106	1
1635	1
2021	1
9169	1
2542	1
1380	1
838	1
877	1
832	1
745	1
872	1
763	1
787	1
1040	1
842	1
992	1
761	1
714	1
920	1
974	1
857	1
1061	1
1114	1
2463	1
896	1
1011	1
1809	1
2098	1
2003	1
2000	1
