num_extlinks	num_pages
2	1645
3	1543
1	1536
4	1503
7	1307
5	1285
6	1283
8	1262
9	1211
10	1094
11	1020
12	978
13	873
14	866
15	792
16	750
17	646
18	629
19	570
21	485
20	476
22	442
23	408
24	391
26	341
25	318
28	297
29	290
27	281
30	271
32	244
31	234
34	213
33	211
37	202
36	199
35	175
39	171
40	169
38	166
41	143
43	138
44	136
42	135
46	134
45	124
47	121
48	118
54	105
49	105
52	103
50	99
53	98
56	95
59	92
57	89
63	84
55	83
51	81
61	79
60	74
66	66
74	63
58	63
62	63
64	62
68	62
65	61
70	57
67	55
69	55
80	50
76	50
73	50
75	48
77	47
72	43
71	43
90	42
84	42
95	41
83	41
81	40
79	39
78	39
89	39
106	37
87	36
96	36
85	35
93	35
94	34
91	34
92	34
86	33
105	32
100	32
98	31
97	30
82	30
99	29
102	29
103	27
101	26
122	26
88	25
108	25
113	25
130	25
123	23
125	23
124	23
104	22
116	22
119	21
111	21
115	21
118	21
141	21
114	19
138	19
117	18
109	18
110	17
136	17
144	17
142	16
147	16
107	16
131	16
121	16
128	15
129	15
127	15
154	15
135	15
133	15
112	14
152	14
166	13
120	13
148	13
146	13
165	13
134	12
200	12
170	12
173	12
150	12
140	12
157	12
151	11
126	11
159	11
160	11
190	11
171	11
174	11
176	11
177	11
183	11
132	11
162	11
193	10
139	10
143	10
178	10
164	9
153	9
180	9
169	9
189	9
161	9
194	9
145	9
198	9
149	8
175	8
199	8
163	8
210	8
185	8
216	8
156	8
137	8
155	7
179	7
232	7
187	7
244	7
158	7
195	7
228	7
181	7
186	6
218	6
202	6
277	6
167	6
225	6
197	6
209	6
168	6
184	5
273	5
205	5
258	5
317	5
226	5
298	5
201	5
213	5
204	5
222	5
267	5
182	5
282	5
192	5
172	5
323	5
215	5
208	5
249	5
354	4
239	4
269	4
254	4
339	4
203	4
235	4
237	4
385	4
241	4
227	4
272	4
248	4
212	4
301	4
211	4
240	4
224	4
275	4
231	4
230	3
223	3
449	3
326	3
264	3
236	3
382	3
259	3
294	3
191	3
261	3
234	3
372	3
292	3
196	3
263	3
247	3
256	3
257	3
274	3
229	3
262	3
250	3
253	3
368	3
291	3
353	3
284	3
290	3
319	3
325	3
207	3
278	3
285	3
513	2
312	2
415	2
214	2
396	2
392	2
251	2
221	2
341	2
255	2
414	2
328	2
295	2
369	2
311	2
238	2
433	2
395	2
404	2
265	2
335	2
280	2
442	2
309	2
246	2
349	2
403	2
315	2
329	2
283	2
303	2
397	2
348	2
388	2
286	2
220	2
573	2
405	2
373	2
268	2
424	2
359	2
245	2
377	2
299	2
297	2
476	2
293	2
331	2
243	2
188	2
310	2
288	2
333	2
383	1
605	1
426	1
512	1
519	1
419	1
521	1
848	1
493	1
242	1
1036	1
634	1
219	1
428	1
810	1
337	1
633	1
407	1
453	1
338	1
324	1
375	1
459	1
579	1
584	1
364	1
266	1
693	1
1117	1
456	1
378	1
591	1
507	1
515	1
486	1
474	1
334	1
759	1
327	1
737	1
477	1
706	1
481	1
2480	1
530	1
391	1
473	1
491	1
371	1
526	1
387	1
346	1
434	1
206	1
304	1
501	1
469	1
381	1
252	1
384	1
422	1
347	1
302	1
233	1
321	1
480	1
487	1
289	1
279	1
413	1
622	1
506	1
376	1
441	1
320	1
425	1
463	1
379	1
314	1
718	1
610	1
305	1
604	1
694	1
430	1
583	1
551	1
401	1
963	1
537	1
432	1
949	1
308	1
618	1
524	1
367	1
394	1
471	1
345	1
619	1
217	1
260	1
643	1
370	1
340	1
416	1
313	1
